14.334480640723271
51.76775009827044
50.49240123820755
51.950513463050314
52.68337509827044
53.59128095518868
54.06332792845912
50.24025894261006
50.28151287342767
50.43172169811321
50.67118710691824
50.84084856525157
51.04456073113207
51.225154775943395
51.441266214622644
51.7022675904088
52.23440202437107
52.199955778301884
51.425385711477986
50.545774371069186
49.96716538915094
49.54131289308176
49.53034591194969
49.63141460298742
50.0541003341195
50.234040880503144
50.33151041666667
50.4387111831761
50.5618759827044
50.95153056210692
51.529586772798744
51.8504692413522
52.1868735259434
52.56248034591195
53.00947081367924
53.50487421383648
53.98889052672956
54.41845764544025
53.00765772405661
50.302962853773586
50.24236684355346
51.23407036163522
51.31912834119497
51.502051395440255
52.07135170990566
52.699658510220125
53.31571344339623
53.93266755110063
54.49016804245283
54.683131878930816
51.04192216981132
49.96435239779874
49.93607753537736
49.97840752751572
50.09017049921383
50.68815595518868
50.94099597091195
51.15174184355346
51.640234375
51.82757468553459
52.02034443789308
52.164462952044026
52.32930915880503
52.45035377358491
52.773813384433964
53.01364485062893
53.15508549528302
52.539099351415096
51.44689711084906
50.55835544418239
50.056694673742136
49.80442954009434
49.836251965408806
49.972963345125784
50.38030660377358
50.43258647798742
50.49655807783019
50.7676567413522
51.20705827437107
51.43419811320755
51.69440841194969
52.22208136792453
52.68576061320755
53.10792305424528
53.18887332940252
51.59441086871069
50.76645538522013
49.88304343553459
49.72731181210692
49.70992777122642
49.860935043238996
50.01622444968554
50.10669713050314
50.26620725235849
50.59059306210692
51.03012726022013
51.280078125
51.519032527515726
51.98508009040881
52.20800167059748
52.44269850628931
52.85385465801887
52.51069182389937
51.60899174528302
50.76196196933962
49.807168828616355
49.57058765723271
49.5700397995283
49.81528105345912
49.90582743710692
50.072314760220124
50.32498771619497
50.494619693396224
50.69391460298742
51.0388684158805
51.21997101022013
51.58683913128931
51.78813875786164
51.99144310141509
51.412465605345915
49.93282232704402
49.51280463836478
49.30164357311321
49.192811517295596
49.30215703616352
49.44986733490566
49.56902024371069
49.64405955188679
49.703026729559745
49.811829304245286
49.971526139937104
50.13579746462264
50.53037293632075
50.963244398584905
51.185451061320755
51.45241008254717
51.75122838050314
51.271580188679245
50.495865271226414
49.877736831761005
49.47587952044025
49.26916273584906
49.18518818789308
49.27475186713836
49.439423643867926
49.56071884827044
49.642460200471696
49.76858539701258
49.88573850235849
50.03902073506289
50.420705581761005
50.63153252751572
50.79455827437107
50.95533608490566
51.148388364779876
51.56593209512579
51.763942118710695
50.78357409591195
50.051306996855345
49.54067167845912
49.24124410377358
48.99858981918239
49.14234718946541
49.374729756289305
49.44936369889937
49.51456613600629
49.778080778301884
50.139944477201254
50.575024567610065
50.97469290487421
51.31486340408805
51.5346870086478
51.71664455581761
51.10364583333333
50.32245725235849
49.725090900157234
49.33426690251572
49.12370283018868
49.014435927672956
49.09028842374214
49.23096255896226
49.35501916273585
49.419462460691825
49.48345862814465
49.7499606918239
49.90047906839623
50.08066037735849
50.475068789308175
50.66968111242139
50.846550707547166
51.28383942610063
51.476316823899374
51.22424823113207
49.93485161163522
49.53251768867924
49.16418288128931
49.18155463836478
49.444118514150944
49.546302574685534
49.726144850628934
49.877778596698114
50.0425412735849
50.247115762578616
50.66698850235849
50.85955434355346
51.068587853773586
51.5759777908805
52.162205188679245
52.299933667452834
50.941357114779876
49.6841022995283
49.31251965408805
49.270550805817614
49.514261497641506
49.80161163522013
50.00034148977988
50.346076552672955
50.85345420597484
51.10772651336478
51.65811222484277
52.1647258254717
52.7200791077044
53.050577338836476
53.08657871462264
52.38922710298742
51.406603773584905
50.084254618710695
49.77040831367925
49.59002309355346
49.51925363600629
49.5862102004717
49.88115418632076
50.059271816037736
50.170774371069186
50.34518966194968
50.54139396619497
50.768708235062896
51.23811664701258
51.77143278301887
52.02096599842767
52.30780021619497
52.64601022012579
53.29541814072327
52.66116352201258
50.89385809748428
50.39736880896226
50.13049577437107
49.995781741352204
50.158087657232706
50.58625687893082
50.73205336084906
50.8842570754717
51.069912047955974
51.32310338050314
51.91656839622642
52.26158854166667
52.63838689072327
53.268162834119494
53.597965801886794
54.35601169418239
53.45911704009434
51.40551542845912
50.50694772012579
50.35915634827044
50.412035672169814
50.614988698899374
50.83149076257862
50.97100284984277
51.22770243710692
51.56349990172956
51.80088197720126
52.35682242531446
52.90963541666667
53.5267565841195
54.216165487421385
53.21119054638365
50.86571835691824
49.92560927672956
49.864686517295596
49.88001916273585
50.15383254716981
50.47042059748428
50.72035426493711
50.932829697327044
51.38156937893082
51.61543337264151
51.765118907232704
52.121039701257864
52.314743022798744
52.74775206367924
53.3090629913522
52.583438974056605
50.4825791077044
49.6779309158805
49.57635858883648
49.906901041666664
50.0817954009434
50.1831662735849
50.256640625
50.358139249213835
50.67180621069183
50.86482163915095
51.06712853773585
51.26688286163522
51.47336625393082
51.93161851415094
52.18241450471698
52.38517099056604
51.652613993710695
50.098525943396226
49.69220224056604
49.395919319968556
49.42438826650943
49.76813089622642
50.04686025943396
50.1494939072327
50.56732753537736
50.826928557389934
51.10289897798742
51.39877653301887
51.69585053066038
52.21229363207547
52.78337509827044
53.05790094339623
51.22529235455975
49.887352594339625
49.59516509433962
49.37031741352201
49.41837411556604
49.534714033018865
49.647700471698116
49.761731033805034
49.83168238993711
50.15786163522012
50.346076552672955
50.75669713050314
50.96537441037736
51.32740271226415
51.564055129716984
52.030083038522015
51.74796088836478
50.11753144654088
49.565583235062896
49.20701159591195
49.01845518867925
48.930940448113205
48.9332424331761
49.21880159198113
49.38910426493711
49.48394998034591
49.58724695361635
49.901346305031446
50.25466047562893
50.59862421383648
50.95321098663522
51.42064907625786
51.35274174528302
50.00440742924528
49.423904284591195
49.00326749213836
48.61901041666667
48.575729658018865
48.65967963836478
48.79663423742139
48.89431505503145
48.96546531053459
49.04377702437107
49.156431800314465
49.30369742531447
49.67178409984277
50.05200471698113
50.43400402908805
50.66124459512579
50.273064072327045
49.64940300707547
48.86142885220126
48.701567413522014
48.64171088836478
48.78826405267296
49.0754299331761
49.13057930424528
49.195349351415096
49.498400648584905
49.83770391116352
50.16444575471698
50.52476906446541
50.70872150157233
50.816951650943395
50.464453125
49.199380896226415
48.803174135220125
48.40829156839623
48.342172759433964
48.50309797562893
48.620415683962264
48.76487077437107
49.001962952044025
49.332276926100626
49.51781643081761
49.87762136399371
50.01688777515723
50.36597877358491
50.64236438679245
50.23879716981132
48.969229068396224
48.60523781446541
48.23641165487421
48.171457350628934
48.22142786949686
48.364431014150945
48.488121560534594
48.59137431210692
48.664910082547166
48.77573211477988
48.924678164308176
415
